0 0.23583984375 0.5870535714285714 0.1357421875 0.16964285714285715
0 0.47216796875 0.7198660714285714 0.2021484375 0.3325892857142857
0 0.5908203125 0.5747767857142857 0.078125 0.11830357142857142
2 0.36328125 0.36607142857142855 0.037109375 0.30357142857142855
2 0.0380859375 0.27232142857142855 0.01953125 0.5357142857142857
1 0.0361328125 0.8359375 0.06640625 0.08258928571428571
1 0.32177734375 0.8660714285714286 0.0634765625 0.12946428571428573
1 0.63525390625 0.8247767857142857 0.0615234375 0.11830357142857142
1 0.3271484375 0.6171875 0.0234375 0.03794642857142857
3 0.82421875 0.5212053571428571 0.32421875 0.12723214285714285
3 0.08349609375 0.5825892857142857 0.1572265625 0.06696428571428571
1 0.55712890625 0.6629464285714286 0.0205078125 0.05357142857142857
