0 0.4775390625 0.7087053571428571 0.19140625 0.31026785714285715
0 0.23876953125 0.5926339285714286 0.1416015625 0.171875
0 0.59765625 0.5725446428571429 0.08203125 0.11383928571428571
2 0.3642578125 0.3638392857142857 0.03515625 0.3125
2 0.015625 0.27455357142857145 0.013671875 0.5446428571428571
1 0.29736328125 0.9207589285714286 0.0869140625 0.15848214285714285
1 0.66162109375 0.8794642857142857 0.0791015625 0.14732142857142858
1 0.23583984375 0.6930803571428571 0.0439453125 0.05133928571428571
1 0.56591796875 0.671875 0.0263671875 0.05803571428571429
1 0.3193359375 0.6227678571428571 0.021484375 0.03125
3 0.07080078125 0.5825892857142857 0.1279296875 0.0625
3 0.8154296875 0.5267857142857143 0.32421875 0.11160714285714286
