0 0.47509765625 0.7109375 0.1982421875 0.31473214285714285
0 0.23681640625 0.5881696428571429 0.1376953125 0.171875
0 0.5966796875 0.5747767857142857 0.0859375 0.11383928571428571
2 0.3642578125 0.3627232142857143 0.033203125 0.30580357142857145
2 0.0244140625 0.27232142857142855 0.015625 0.5357142857142857
1 0.30810546875 0.8962053571428571 0.0830078125 0.14955357142857142
1 0.65087890625 0.8549107142857143 0.0732421875 0.13392857142857142
1 0.021484375 0.8504464285714286 0.037109375 0.044642857142857144
1 0.23876953125 0.6841517857142857 0.0341796875 0.029017857142857144
3 0.08154296875 0.5825892857142857 0.1513671875 0.0625
3 0.8212890625 0.5122767857142857 0.341796875 0.140625
1 0.326171875 0.6183035714285714 0.021484375 0.03125
