0 0.47607421875 0.7131696428571429 0.1923828125 0.31473214285714285
0 0.2373046875 0.5892857142857143 0.13671875 0.17410714285714285
0 0.59765625 0.5758928571428571 0.083984375 0.11607142857142858
2 0.3642578125 0.36160714285714285 0.037109375 0.3080357142857143
2 0.02001953125 0.2767857142857143 0.0166015625 0.5357142857142857
3 0.083984375 0.5870535714285714 0.154296875 0.07589285714285714
1 0.30078125 0.9185267857142857 0.076171875 0.16294642857142858
1 0.65576171875 0.8683035714285714 0.0732421875 0.13839285714285715
1 0.564453125 0.6763392857142857 0.0234375 0.049107142857142856
1 0.23681640625 0.6863839285714286 0.0439453125 0.05133928571428571
3 0.8154296875 0.5178571428571429 0.3125 0.11160714285714286
