0 0.4541015625 0.7477678571428571 0.228515625 0.38839285714285715
0 0.22900390625 0.5881696428571429 0.1376953125 0.17633928571428573
0 0.57421875 0.5625 0.07421875 0.10267857142857142
2 0.0966796875 0.26785714285714285 0.0234375 0.5267857142857143
2 0.3623046875 0.3705357142857143 0.03515625 0.29464285714285715
1 0.142578125 0.7466517857142857 0.087890625 0.078125
1 0.5869140625 0.7321428571428571 0.0390625 0.07589285714285714
1 0.3486328125 0.5881696428571429 0.03125 0.05133928571428571
3 0.0859375 0.5758928571428571 0.154296875 0.09821428571428571
3 0.8134765625 0.5212053571428571 0.345703125 0.13616071428571427
3 0.4619140625 0.5167410714285714 0.09765625 0.024553571428571428
