0 0.47998046875 0.7042410714285714 0.1904296875 0.30580357142857145
0 0.23486328125 0.5892857142857143 0.1396484375 0.16964285714285715
0 0.60107421875 0.5736607142857143 0.0830078125 0.11160714285714286
2 0.3662109375 0.36160714285714285 0.03515625 0.3080357142857143
2 0.00927734375 0.27566964285714285 0.0107421875 0.5424107142857143
1 0.29296875 0.9252232142857143 0.080078125 0.14955357142857142
1 0.66845703125 0.8917410714285714 0.0791015625 0.16741071428571427
1 0.56689453125 0.6796875 0.0185546875 0.05133928571428571
3 0.08154296875 0.5758928571428571 0.1376953125 0.08035714285714286
3 0.82080078125 0.5189732142857143 0.3349609375 0.08705357142857142
1 0.22900390625 0.6886160714285714 0.0458984375 0.04241071428571429
