0 0.47265625 0.7154017857142857 0.19921875 0.3236607142857143
0 0.23583984375 0.5881696428571429 0.1357421875 0.171875
0 0.59326171875 0.5714285714285714 0.0771484375 0.11160714285714286
1 0.3154296875 0.8805803571428571 0.07421875 0.14955357142857142
1 0.03173828125 0.8415178571428571 0.0517578125 0.07589285714285714
1 0.64111328125 0.8370535714285714 0.0712890625 0.125
1 0.326171875 0.6149553571428571 0.025390625 0.029017857142857144
2 0.36376953125 0.36160714285714285 0.0361328125 0.3080357142857143
2 0.0341796875 0.27232142857142855 0.021484375 0.5267857142857143
3 0.087890625 0.5825892857142857 0.154296875 0.06696428571428571
3 0.82080078125 0.5223214285714286 0.3310546875 0.14732142857142858
