0 0.484375 0.6875 0.16796875 0.28125
0 0.2333984375 0.5915178571428571 0.140625 0.17857142857142858
0 0.611328125 0.5848214285714286 0.091796875 0.13392857142857142
3 0.83349609375 0.5279017857142857 0.3056640625 0.140625
2 0.36474609375 0.35267857142857145 0.0361328125 0.32589285714285715
1 0.69677734375 0.9430803571428571 0.0615234375 0.11383928571428571
1 0.27392578125 0.9776785714285714 0.0341796875 0.044642857142857144
1 0.19970703125 0.71875 0.0576171875 0.06696428571428571
1 0.57763671875 0.6953125 0.0283203125 0.06473214285714286
3 0.08203125 0.5770089285714286 0.154296875 0.09598214285714286
1 0.33984375 0.6071428571428571 0.021484375 0.026785714285714284
1 0.314453125 0.6261160714285714 0.021484375 0.033482142857142856
