0 0.4765625 0.7064732142857143 0.1875 0.30580357142857145
0 0.23681640625 0.5915178571428571 0.1416015625 0.16071428571428573
0 0.599609375 0.5747767857142857 0.083984375 0.11830357142857142
2 0.36474609375 0.359375 0.0341796875 0.3169642857142857
2 0.01025390625 0.27566964285714285 0.0185546875 0.5424107142857143
3 0.0859375 0.5792410714285714 0.146484375 0.078125
3 0.82373046875 0.5245535714285714 0.3330078125 0.16071428571428573
1 0.66943359375 0.8883928571428571 0.0830078125 0.16071428571428573
1 0.29541015625 0.9263392857142857 0.0908203125 0.14732142857142858
1 0.23095703125 0.6897321428571429 0.0537109375 0.049107142857142856
1 0.32080078125 0.6205357142857143 0.0244140625 0.03125
1 0.56787109375 0.6774553571428571 0.0224609375 0.05580357142857143
