0 0.47900390625 0.6953125 0.1728515625 0.28794642857142855
0 0.2353515625 0.5915178571428571 0.142578125 0.18303571428571427
0 0.6044921875 0.5792410714285714 0.0859375 0.12276785714285714
1 0.28369140625 0.9497767857142857 0.0615234375 0.10044642857142858
1 0.685546875 0.9241071428571429 0.076171875 0.15178571428571427
1 0.57177734375 0.6819196428571429 0.0224609375 0.060267857142857144
2 0.36474609375 0.359375 0.0341796875 0.3169642857142857
1 0.21337890625 0.7098214285714286 0.0478515625 0.06696428571428571
3 0.81884765625 0.5323660714285714 0.3466796875 0.17633928571428573
3 0.07666015625 0.5859375 0.1455078125 0.08258928571428571
