0 0.490234375 0.6752232142857143 0.15625 0.265625
0 0.2265625 0.5982142857142857 0.15234375 0.18303571428571427
0 0.626953125 0.5881696428571429 0.1015625 0.14508928571428573
1 0.375 0.7689732142857143 0.0390625 0.09598214285714286
1 0.603515625 0.7466517857142857 0.037109375 0.078125
1 0.1396484375 0.7622767857142857 0.08984375 0.078125
2 0.36376953125 0.3482142857142857 0.0419921875 0.3392857142857143
3 0.078125 0.5803571428571429 0.13671875 0.10714285714285714
3 0.8388671875 0.5535714285714286 0.302734375 0.16964285714285715
1 0.314453125 0.6383928571428571 0.056640625 0.049107142857142856
