0 0.474609375 0.7555803571428571 0.23046875 0.40401785714285715
0 0.25439453125 0.5859375 0.1298828125 0.171875
0 0.57568359375 0.5591517857142857 0.0654296875 0.09598214285714286
1 0.3251953125 0.9229910714285714 0.072265625 0.15401785714285715
1 0.68701171875 0.9051339285714286 0.1064453125 0.18973214285714285
1 0.02978515625 0.8872767857142857 0.0576171875 0.08705357142857142
1 0.25 0.6986607142857143 0.046875 0.05803571428571429
1 0.33203125 0.6227678571428571 0.021484375 0.049107142857142856
2 0.37939453125 0.37388392857142855 0.0322265625 0.28794642857142855
2 0.169921875 0.2700892857142857 0.025390625 0.5357142857142857
3 0.8115234375 0.5379464285714286 0.361328125 0.17857142857142858
3 0.09716796875 0.5892857142857143 0.1865234375 0.10714285714285714
3 0.48095703125 0.5212053571428571 0.1220703125 0.033482142857142856
