0 0.49609375 0.6595982142857143 0.14453125 0.24330357142857142
0 0.1875 0.6127232142857143 0.193359375 0.21205357142857142
0 0.6767578125 0.6160714285714286 0.142578125 0.17857142857142858
1 0.701171875 0.9363839285714286 0.072265625 0.12723214285714285
1 0.28515625 0.9642857142857143 0.05078125 0.07142857142857142
1 0.40380859375 0.7098214285714286 0.0283203125 0.05803571428571429
1 0.58740234375 0.6997767857142857 0.0322265625 0.06919642857142858
2 0.3544921875 0.33370535714285715 0.041015625 0.36830357142857145
3 0.8564453125 0.5345982142857143 0.26953125 0.11830357142857142
1 0.3544921875 0.6060267857142857 0.01953125 0.029017857142857144
3 0.0537109375 0.5870535714285714 0.09375 0.08482142857142858
