0 0.49169921875 0.6640625 0.1494140625 0.24330357142857142
0 0.64013671875 0.5959821428571429 0.1103515625 0.15178571428571427
0 0.21728515625 0.5993303571428571 0.1630859375 0.18973214285714285
1 0.3505859375 0.8203125 0.05859375 0.11830357142857142
1 0.6279296875 0.7935267857142857 0.052734375 0.109375
1 0.0673828125 0.8169642857142857 0.123046875 0.10267857142857142
2 0.36083984375 0.34598214285714285 0.0380859375 0.34375
3 0.06640625 0.5837053571428571 0.12109375 0.08258928571428571
3 0.845703125 0.5345982142857143 0.287109375 0.14508928571428573
1 0.37060546875 0.5892857142857143 0.0146484375 0.026785714285714284
