0 0.5009765625 0.7444196428571429 0.2265625 0.37276785714285715
0 0.82470703125 0.7232142857142857 0.2998046875 0.3392857142857143
0 0.11181640625 0.6551339285714286 0.2138671875 0.30580357142857145
2 0.3310546875 0.30580357142857145 0.052734375 0.42857142857142855
1 0.2978515625 0.9419642857142857 0.08203125 0.11607142857142858
1 0.69140625 0.9185267857142857 0.083984375 0.16294642857142858
1 0.625 0.7801339285714286 0.04296875 0.09598214285714286
1 0.37353515625 0.7823660714285714 0.0439453125 0.10044642857142858
1 0.3017578125 0.6540178571428571 0.03515625 0.04017857142857143
3 0.826171875 0.5066964285714286 0.275390625 0.08035714285714286
