0 0.4970703125 0.8928571428571429 0.6484375 0.21428571428571427
0 0.94384765625 0.8828125 0.1123046875 0.234375
0 0.046875 0.7142857142857143 0.091796875 0.2767857142857143
3 0.14013671875 0.5803571428571429 0.1240234375 0.07142857142857142
2 0.298828125 0.2700892857142857 0.060546875 0.5178571428571429
3 0.84814453125 0.5234375 0.2861328125 0.10044642857142858
1 0.400390625 0.7399553571428571 0.041015625 0.06919642857142858
1 0.18603515625 0.734375 0.0771484375 0.08035714285714286
1 0.61572265625 0.7399553571428571 0.0361328125 0.09151785714285714
1 0.33544921875 0.6417410714285714 0.0341796875 0.05580357142857143
1 0.4599609375 0.6383928571428571 0.021484375 0.04017857142857143
1 0.5869140625 0.6361607142857143 0.015625 0.03571428571428571
2 0.50146484375 0.38392857142857145 0.0263671875 0.25
