0 0.4697265625 0.7299107142857143 0.2109375 0.34375
0 0.23681640625 0.5892857142857143 0.1396484375 0.16964285714285715
0 0.58935546875 0.5725446428571429 0.0791015625 0.11383928571428571
2 0.36279296875 0.36495535714285715 0.0361328125 0.3013392857142857
2 0.05029296875 0.27120535714285715 0.0205078125 0.5379464285714286
3 0.0908203125 0.5792410714285714 0.169921875 0.08258928571428571
3 0.81591796875 0.5245535714285714 0.3544921875 0.14285714285714285
1 0.6220703125 0.8035714285714286 0.0546875 0.11160714285714286
1 0.33203125 0.8348214285714286 0.060546875 0.11607142857142858
1 0.0498046875 0.8225446428571429 0.08984375 0.10044642857142858
1 0.55615234375 0.6595982142857143 0.0224609375 0.05580357142857143
