0 0.4853515625 0.6841517857142857 0.166015625 0.28348214285714285
0 0.23095703125 0.5904017857142857 0.1494140625 0.18526785714285715
0 0.61279296875 0.578125 0.0927734375 0.12946428571428573
1 0.703125 0.9575892857142857 0.06640625 0.08482142857142858
2 0.3662109375 0.3549107142857143 0.0390625 0.32589285714285715
1 0.5830078125 0.7053571428571429 0.03125 0.05803571428571429
3 0.08544921875 0.5792410714285714 0.1494140625 0.10044642857142858
3 0.822265625 0.5691964285714286 0.310546875 0.19642857142857142
1 0.197265625 0.7198660714285714 0.068359375 0.05580357142857143
1 0.39306640625 0.7232142857142857 0.0283203125 0.07589285714285714
