0 0.453125 0.7522321428571429 0.234375 0.38839285714285715
0 0.2353515625 0.5859375 0.134765625 0.18080357142857142
0 0.5673828125 0.5625 0.068359375 0.09821428571428571
1 0.69482421875 0.9363839285714286 0.0751953125 0.12723214285714285
1 0.2802734375 0.9698660714285714 0.05859375 0.060267857142857144
1 0.5751953125 0.7008928571428571 0.029296875 0.07589285714285714
1 0.193359375 0.7120535714285714 0.060546875 0.07142857142857142
2 0.3671875 0.37388392857142855 0.0390625 0.28794642857142855
2 0.13037109375 0.26674107142857145 0.0263671875 0.5290178571428571
3 0.083984375 0.5747767857142857 0.16015625 0.078125
3 0.818359375 0.5279017857142857 0.349609375 0.203125
