0 0.47412109375 0.7142857142857143 0.1982421875 0.32142857142857145
0 0.236328125 0.5915178571428571 0.140625 0.17410714285714285
0 0.5966796875 0.5747767857142857 0.083984375 0.12276785714285714
2 0.36474609375 0.35714285714285715 0.0341796875 0.3169642857142857
2 0.02490234375 0.2767857142857143 0.0205078125 0.5401785714285714
3 0.08447265625 0.578125 0.1513671875 0.08928571428571429
3 0.81494140625 0.5245535714285714 0.3388671875 0.15625
1 0.64794921875 0.8537946428571429 0.0673828125 0.140625
1 0.30859375 0.8939732142857143 0.0703125 0.140625
3 0.47412109375 0.5234375 0.1376953125 0.024553571428571428
