0 0.50048828125 0.8348214285714286 0.5126953125 0.33035714285714285
0 0.90966796875 0.8247767857142857 0.1806640625 0.35044642857142855
0 0.0625 0.6908482142857143 0.123046875 0.31473214285714285
2 0.30810546875 0.27455357142857145 0.0576171875 0.5044642857142857
3 0.18994140625 0.5625 0.1728515625 0.03571428571428571
3 0.84619140625 0.5323660714285714 0.2783203125 0.12276785714285714
1 0.21875 0.7142857142857143 0.068359375 0.06696428571428571
1 0.46240234375 0.6261160714285714 0.0205078125 0.033482142857142856
1 0.5830078125 0.6305803571428571 0.01953125 0.04241071428571429
1 0.34375 0.6316964285714286 0.033203125 0.044642857142857144
