0 0.49853515625 0.6886160714285714 0.1708984375 0.27901785714285715
0 0.7626953125 0.6774553571428571 0.224609375 0.265625
0 0.1259765625 0.6395089285714286 0.2421875 0.27455357142857145
2 0.3388671875 0.3158482142857143 0.046875 0.4174107142857143
1 0.33837890625 0.8549107142857143 0.0654296875 0.12946428571428573
1 0.642578125 0.8203125 0.0546875 0.11830357142857142
1 0.05078125 0.8381696428571429 0.09765625 0.10044642857142858
1 0.396484375 0.7276785714285714 0.033203125 0.0625
1 0.60205078125 0.7276785714285714 0.0341796875 0.08035714285714286
1 0.32177734375 0.6372767857142857 0.0302734375 0.033482142857142856
1 0.3837890625 0.59375 0.015625 0.03125
3 0.90771484375 0.5479910714285714 0.1708984375 0.15848214285714285
