0 0.4990234375 0.6629464285714286 0.15234375 0.24553571428571427
0 0.72265625 0.6450892857142857 0.1875 0.22321428571428573
0 0.14892578125 0.6238839285714286 0.2255859375 0.24776785714285715
1 0.3701171875 0.7801339285714286 0.046875 0.09151785714285714
1 0.6162109375 0.7589285714285714 0.04296875 0.08035714285714286
1 0.1201171875 0.7779017857142857 0.103515625 0.08258928571428571
1 0.3369140625 0.6205357142857143 0.0234375 0.026785714285714284
1 0.41162109375 0.6930803571428571 0.0283203125 0.046875
1 0.58642578125 0.6908482142857143 0.0263671875 0.060267857142857144
2 0.3447265625 0.32254464285714285 0.044921875 0.390625
3 0.90234375 0.5513392857142857 0.181640625 0.16071428571428573
